	//mansao by apxgui
	CreateObject(13724, 529.12738, -1920.56177, 6.72353,   0.00000, 0.00000, 180.00000);
	CreateObject(18981, 528.95282, -1968.53662, 11.30809,   0.00000, 90.00000, 0.00000);
	CreateObject(18981, 516.60846, -1968.55103, -0.69400,   0.00000, 0.00000, 0.00000);
	CreateObject(18981, 503.45587, -1956.53967, -0.69600,   0.00000, 0.00000, 90.00000);
	CreateObject(18981, 500.35519, -1956.53772, -0.69400,   0.00000, 0.00000, 90.00000);
	CreateObject(18981, 488.36743, -1943.72229, -0.69600,   0.00000, 0.00000, 0.00000);
	CreateObject(18981, 485.43353, -1956.52576, -0.69600,   0.00000, 0.00000, 90.00000);
	CreateObject(18981, 528.95282, -1980.54968, -0.69600,   0.00000, 0.00000, 90.00000);
	CreateObject(18981, 540.95081, -1968.53650, -0.69400,   0.00000, 0.00000, 0.00000);
	CreateObject(3361, 523.57874, -1983.77429, 9.71214,   0.00000, 0.00000, -90.00000);
	CreateObject(3406, 524.35431, -1988.10327, 5.53119,   0.00000, 0.00000, 0.00000);
	CreateObject(3361, 529.21899, -1992.01855, 5.52461,   0.00000, 0.00000, -90.00000);
	CreateObject(3361, 525.27625, -1996.42456, 1.48546,   0.00000, 0.00000, 180.00000);
	CreateObject(3406, 519.72302, -1996.36841, -1.16940,   0.00000, 0.00000, 0.00000);
	CreateObject(3406, 522.55920, -1999.22253, -1.16740,   0.00000, 0.00000, 90.00000);
	CreateObject(3406, 520.57312, -1999.22253, -1.16740,   0.00000, 0.00000, 90.00000);
	CreateObject(3406, 510.94000, -1996.36841, -1.16940,   0.00000, 0.00000, 0.00000);
	CreateObject(3406, 506.99280, -1992.46265, -1.16740,   0.00000, 0.00000, 90.00000);
	CreateObject(3406, 506.99280, -2001.25073, -1.16740,   0.00000, 0.00000, 90.00000);
	CreateObject(3499, 531.77533, -1956.06714, 9.55235,   0.00000, 0.00000, 0.00000);
	CreateObject(14394, 492.50137, -1888.67236, 2.02515,   0.00000, 0.00000, -90.00000);
	CreateObject(14394, 500.49551, -1888.67236, 2.02520,   0.00000, 0.00000, -90.00000);
	CreateObject(14394, 508.49579, -1888.67236, 2.02520,   0.00000, 0.00000, -90.00000);
	CreateObject(14394, 511.03601, -1888.67236, 2.02520,   0.00000, 0.00000, -90.00000);
	CreateObject(19371, 488.57080, -1888.59924, 1.12970,   0.00000, 0.00000, 0.00000);
	CreateObject(19371, 515.05811, -1888.59924, 1.12970,   0.00000, 0.00000, 0.00000);
	CreateObject(5130, 502.07813, -1905.10608, 5.01027,   0.00000, 0.00000, 45.00000);
	CreateObject(5130, 518.77344, -1925.80469, 8.77862,   0.00000, 0.00000, 45.00000);
	CreateObject(984, 493.89221, -1911.12927, 8.67940,   0.00000, 0.00000, 90.00000);
	CreateObject(983, 485.94562, -1916.08801, 8.73140,   0.00000, 0.00000, 0.00000);
	CreateObject(1361, 487.31534, -1911.74829, 8.73902,   0.00000, 0.00000, 0.00000);
	CreateObject(1361, 486.44153, -1912.60022, 8.73902,   0.00000, 0.00000, 0.00000);
	CreateObject(984, 510.26489, -1911.12927, 8.67940,   0.00000, 0.00000, 90.00000);
	CreateObject(984, 519.86072, -1911.12927, 8.67940,   0.00000, 0.00000, 90.00000);
	CreateObject(983, 526.30450, -1914.33545, 8.73540,   0.00000, 0.00000, 0.00000);
	CreateObject(983, 485.94421, -1920.87634, 8.73140,   0.00000, 0.00000, 0.00000);
	CreateObject(983, 526.31415, -1919.12976, 8.73540,   0.00000, 0.00000, 0.00000);
	CreateObject(983, 529.54401, -1922.33374, 8.73540,   0.00000, 0.00000, 90.00000);
	CreateObject(982, 503.95404, -1931.44385, 12.42250,   0.00000, 0.00000, 90.00000);
	CreateObject(983, 523.76227, -1931.44824, 12.44497,   0.00000, 0.00000, 90.00000);
	CreateObject(983, 528.52301, -1931.44824, 12.44500,   0.00000, 0.00000, 90.00000);
	CreateObject(8661, 506.49139, -1921.70288, 8.07670,   0.00000, 180.00000, 180.00000);
	CreateObject(1609, 510.52051, -1916.09790, 6.39577,   0.00000, 0.00000, 0.00000);
	CreateObject(758, 512.67078, -1921.35193, 2.99958,   0.00000, 0.00000, 0.00000);
	CreateObject(745, 496.12900, -1915.48474, 4.01615,   0.00000, 0.00000, 0.00000);
	CreateObject(898, 499.54440, -1920.96533, -0.66636,   0.00000, 0.00000, 0.00000);
	CreateObject(702, 502.16452, -1920.35803, 5.16661,   0.00000, 0.00000, 0.00000);
	CreateObject(702, 510.47375, -1920.04724, 5.16661,   0.00000, 0.00000, 0.00000);
	CreateObject(702, 506.81177, -1915.68347, 5.16661,   0.00000, 0.00000, 0.00000);
	CreateObject(747, 506.14929, -1915.23450, 4.01610,   0.00000, 0.00000, 0.00000);
	CreateObject(1601, 506.63187, -1919.24829, 5.93734,   0.00000, 0.00000, 0.00000);
	CreateObject(1601, 501.29922, -1916.79907, 6.76587,   0.00000, 0.00000, 90.00000);
	CreateObject(1602, 508.36414, -1917.22290, 7.06469,   0.00000, 0.00000, 90.00000);
	CreateObject(1603, 503.98743, -1921.53577, 7.49362,   0.00000, 0.00000, 90.00000);
	CreateObject(1603, 505.56570, -1921.43726, 7.38956,   0.00000, 0.00000, 90.00000);
	CreateObject(1603, 504.81717, -1921.39709, 8.03412,   0.00000, 0.00000, 90.00000);
	CreateObject(1603, 505.31909, -1920.63831, 7.70918,   0.00000, 0.00000, 90.00000);
	CreateObject(1603, 504.09961, -1920.70923, 7.70918,   0.00000, 0.00000, 90.00000);
	CreateObject(1602, 508.75027, -1916.38623, 6.95750,   0.00000, 0.00000, 90.00000);
	CreateObject(1602, 509.26605, -1917.30371, 7.38956,   0.00000, 0.00000, 90.00000);
	CreateObject(1600, 504.32388, -1919.13965, 5.93730,   0.00000, 0.00000, 90.00000);
	CreateObject(1605, 508.93964, -1917.10974, 7.34009,   0.00000, 0.00000, 0.00000);
	CreateObject(1605, 500.10336, -1915.86853, 6.61552,   0.00000, 0.00000, 114.97448);
	CreateObject(1605, 497.94354, -1919.49927, 6.94046,   0.00000, 0.00000, 54.92595);
	CreateObject(1609, 502.84970, -1918.76416, 6.39577,   0.00000, 0.00000, 0.00000);
	CreateObject(898, 506.66461, -1921.19897, -0.66636,   0.00000, 0.00000, 0.00000);
	CreateObject(1601, 507.36429, -1915.39685, 6.76587,   0.00000, 0.00000, 90.00000);
	CreateObject(984, 506.64301, -1913.75781, 8.67940,   0.00000, 0.00000, 90.00000);
	CreateObject(983, 498.64542, -1913.75781, 8.72540,   0.00000, 0.00000, 90.00000);
	CreateObject(983, 513.06317, -1916.95959, 8.72540,   0.00000, 0.00000, 0.00000);
	CreateObject(983, 495.46011, -1916.95959, 8.72540,   0.00000, 0.00000, 0.00000);
	CreateObject(983, 513.06116, -1919.17126, 8.72540,   0.00000, 0.00000, 0.00000);
	CreateObject(984, 506.64301, -1922.38342, 8.67940,   0.00000, 0.00000, 90.00000);
	CreateObject(983, 498.64539, -1922.38342, 8.72540,   0.00000, 0.00000, 90.00000);
	CreateObject(983, 495.46011, -1919.17126, 8.72540,   0.00000, 0.00000, 0.00000);
	CreateObject(984, 515.09814, -1896.88599, 3.49369,   0.00000, 0.00000, 0.00000);
	CreateObject(984, 515.09961, -1893.68323, 3.49369,   0.00000, 0.00000, 0.00000);
	CreateObject(984, 488.53171, -1896.88599, 3.49370,   0.00000, 0.00000, 0.00000);
	CreateObject(984, 488.53171, -1893.68323, 3.49370,   0.00000, 0.00000, 0.00000);
	CreateObject(1360, 487.10400, -1904.05798, 4.64790,   0.00000, 0.00000, -81.00000);
	CreateObject(1360, 484.66693, -1904.85486, 4.64790,   0.00000, 0.00000, -63.00000);
	CreateObject(1360, 482.57147, -1906.39648, 4.64790,   0.00000, 0.00000, -45.00000);
	CreateObject(1360, 481.09760, -1908.36853, 4.64790,   0.00000, 0.00000, -27.00000);
	CreateObject(1360, 480.33051, -1910.79456, 4.64790,   0.00000, 0.00000, -9.00000);
	CreateObject(1360, 480.11115, -1913.33582, 4.64790,   0.00000, 0.00000, 0.00000);
	CreateObject(1360, 480.12106, -1915.81616, 4.64790,   0.00000, 0.00000, 0.00000);
	CreateObject(1360, 480.12762, -1918.37573, 4.64790,   0.00000, 0.00000, 0.00000);
	CreateObject(1360, 514.04193, -1903.89551, 4.64790,   0.00000, 0.00000, 90.00000);
	CreateObject(1361, 515.75958, -1904.28882, 4.63790,   0.00000, 0.00000, 90.00000);
	CreateObject(1361, 516.01434, -1905.27759, 4.63790,   0.00000, 0.00000, 90.00000);
	CreateObject(1361, 516.58728, -1906.15271, 4.63790,   0.00000, 0.00000, 90.00000);
	CreateObject(1361, 517.43890, -1906.72974, 4.63790,   0.00000, 0.00000, 90.00000);
	CreateObject(1360, 519.19177, -1906.74988, 4.64790,   0.00000, 0.00000, 90.00000);
	CreateObject(1360, 521.67792, -1906.74988, 4.64790,   0.00000, 0.00000, 90.00000);
	CreateObject(1360, 524.23578, -1906.74988, 4.64790,   0.00000, 0.00000, 90.00000);
	CreateObject(1361, 516.01434, -1905.27759, 4.63790,   0.00000, 0.00000, 90.00000);
	CreateObject(19454, 529.15112, -1901.38733, 3.05770,   -9.00000, 90.00000, 0.00000);
	CreateObject(19454, 527.25049, -1901.38733, 3.05370,   -9.00000, 90.00000, 0.00000);
	CreateObject(19454, 527.24902, -1894.78516, 2.00640,   -9.00000, 90.00000, 0.00000);
	CreateObject(19454, 529.15112, -1894.78516, 2.00840,   -9.00000, 90.00000, 0.00000);
	CreateObject(19454, 525.81677, -1889.82324, 2.00640,   0.00000, 90.00000, 17.00000);
	CreateObject(19454, 530.52820, -1889.95032, 2.00440,   0.00000, 90.00000, -17.00000);
	CreateObject(19454, 525.81677, -1889.82324, 2.00640,   0.00000, 90.00000, 17.00000);
	CreateObject(19454, 527.92853, -1890.31604, 2.00840,   0.00000, 90.00000, 0.00000);
	CreateObject(19313, 525.45923, -1901.99023, 0.52130,   0.00000, 0.00000, 90.00000);
	CreateObject(19313, 530.99487, -1901.99023, 0.52130,   0.00000, 0.00000, 90.00000);
	CreateObject(3934, 491.80637, -1935.85938, 16.22117,   0.00000, 0.00000, 0.00000);
	CreateObject(19373, 513.54773, -1894.96179, 2.89920,   0.00000, 90.00000, 90.00000);
	CreateObject(640, 492.57352, -1895.18091, 3.56809,   0.00000, 0.00000, 0.00000);
	CreateObject(640, 492.57150, -1900.40649, 3.56610,   0.00000, 0.00000, 0.00000);
	CreateObject(640, 488.93320, -1895.18091, 3.56810,   0.00000, 0.00000, 0.00000);
	CreateObject(640, 488.93121, -1900.40662, 3.56610,   0.00000, 0.00000, 0.00000);
	CreateObject(638, 490.90054, -1892.84631, 3.56610,   0.00000, 0.00000, 90.00000);
	CreateObject(638, 490.64014, -1892.85010, 3.56810,   0.00000, 0.00000, 90.00000);
	CreateObject(19373, 490.65161, -1898.46399, 2.89920,   0.00000, 90.00000, 90.00000);
	CreateObject(19373, 490.65161, -1901.92175, 2.89720,   0.00000, 90.00000, 90.00000);
	CreateObject(9833, 490.51459, -1897.61731, 2.98713,   0.00000, 0.00000, 0.00000);
	CreateObject(640, 512.19464, -1895.46655, 3.56809,   0.00000, 0.00000, 0.00000);
	CreateObject(19373, 490.65161, -1894.96179, 2.89920,   0.00000, 90.00000, 90.00000);
	CreateObject(640, 513.30737, -1900.82227, 3.56809,   0.00000, 0.00000, 0.00000);
	CreateObject(19373, 513.54944, -1898.45630, 2.89920,   0.00000, 90.00000, 90.00000);
	CreateObject(19373, 513.54846, -1901.94507, 2.89920,   0.00000, 90.00000, 90.00000);
	CreateObject(638, 513.79535, -1893.13354, 3.56610,   0.00000, 0.00000, 90.00000);
	CreateObject(3520, 514.43585, -1900.32996, 2.98841,   0.00000, 0.00000, 0.00000);
	CreateObject(3520, 513.20416, -1895.65051, 2.98841,   0.00000, 0.00000, 0.00000);
	CreateObject(3520, 514.29303, -1895.93616, 2.98840,   0.00000, 0.00000, 180.00000);
	CreateObject(18708, 507.67188, -1916.82715, 5.06364,   0.00000, 0.00000, 0.00000);
	CreateObject(18708, 500.11197, -1916.34180, 5.06335,   0.00000, 0.00000, 0.00000);
	CreateObject(10444, 504.67899, -1922.15906, 0.64804,   0.00000, 90.00000, 90.00000);
	CreateObject(10444, 512.87549, -1928.95581, 0.64800,   0.00000, 90.00000, 180.00000);
	CreateObject(10444, 502.04727, -1913.87634, 0.64800,   0.00000, 90.00000, -90.00000);
	CreateObject(10444, 495.92029, -1928.96667, 0.64800,   0.00000, 90.00000, 0.00000);
	CreateObject(1649, 510.81400, -1920.62732, 8.01180,   -90.00000, 0.00000, 0.00000);
	CreateObject(1649, 510.81311, -1917.32336, 8.01180,   -90.00000, 0.00000, 0.00000);
	CreateObject(1649, 510.80841, -1914.04248, 8.01180,   -90.00000, 0.00000, 0.00000);
	CreateObject(10444, 502.35654, -1920.11597, 5.06617,   0.00000, 0.00000, -90.00000);
	CreateObject(1649, 506.39749, -1920.62732, 8.01180,   -90.00000, 0.00000, 0.00000);
	CreateObject(1649, 501.98270, -1920.62732, 8.01180,   -90.00000, 0.00000, 0.00000);
	CreateObject(1649, 497.56219, -1920.62732, 8.01180,   -90.00000, 0.00000, 0.00000);
	CreateObject(1649, 506.39749, -1917.32336, 8.01180,   -90.00000, 0.00000, 0.00000);
	CreateObject(1649, 501.98270, -1917.32336, 8.01180,   -90.00000, 0.00000, 0.00000);
	CreateObject(1649, 497.56219, -1917.32336, 8.01180,   -90.00000, 0.00000, 0.00000);
	CreateObject(1649, 506.39749, -1914.04248, 8.01180,   -90.00000, 0.00000, 0.00000);
	CreateObject(1649, 501.98270, -1914.04248, 8.01180,   -90.00000, 0.00000, 0.00000);
	CreateObject(1649, 497.56219, -1914.04248, 8.01180,   -90.00000, 0.00000, 0.00000);
	CreateObject(983, 519.24603, -1981.01074, 12.44497,   0.00000, 0.00000, 90.00000);
	CreateObject(984, 531.06183, -1981.00940, 12.39050,   0.00000, 0.00000, 90.00000);
	CreateObject(982, 541.36975, -1968.15588, 12.45050,   0.00000, 0.00000, 0.00000);
	CreateObject(982, 516.04333, -1968.17700, 12.45050,   0.00000, 0.00000, 0.00000);
	CreateObject(982, 503.21573, -1955.36963, 12.45050,   0.00000, 0.00000, 90.00000);
	CreateObject(19443, 539.47192, -1982.59045, 11.71720,   0.00000, 90.00000, 90.00000);
	CreateObject(1646, 527.40881, -1974.60266, 12.04630,   0.00000, 0.00000, 0.00000);
	CreateObject(1645, 530.28796, -1974.69263, 12.04625,   0.00000, 0.00000, 0.00000);
	CreateObject(984, 532.14941, -1971.99878, 12.39050,   0.00000, 0.00000, 90.00000);
	CreateObject(983, 525.74493, -1975.20654, 12.44500,   0.00000, 0.00000, 0.00000);
	CreateObject(1646, 533.45117, -1974.64246, 12.04630,   0.00000, 0.00000, 0.00000);
	CreateObject(1647, 536.50348, -1974.75293, 12.04630,   0.00000, 0.00000, 0.00000);
	CreateObject(1642, 533.36310, -1978.68311, 11.80720,   0.00000, 0.00000, 0.00000);
	CreateObject(1643, 529.85828, -1978.71204, 11.80718,   0.00000, 0.00000, 0.00000);
	CreateObject(1641, 536.48389, -1978.66199, 11.80720,   0.00000, 0.00000, 0.00000);
	CreateObject(2725, 528.29065, -1973.97742, 12.09695,   0.00000, 0.00000, 0.00000);
	CreateObject(2725, 531.23590, -1974.14636, 12.09695,   0.00000, 0.00000, 0.00000);
	CreateObject(2725, 534.25671, -1974.07019, 12.09695,   0.00000, 0.00000, 0.00000);
	CreateObject(2725, 537.29858, -1973.97400, 12.09695,   0.00000, 0.00000, 0.00000);
	CreateObject(1644, 537.21411, -1973.98889, 12.53258,   0.00000, 0.00000, 0.00000);
	CreateObject(1644, 534.22137, -1974.00269, 12.53258,   0.00000, 0.00000, 0.00000);
	CreateObject(1644, 531.27692, -1974.10474, 12.53258,   0.00000, 0.00000, 0.00000);
	CreateObject(1644, 528.24066, -1973.93811, 12.53258,   0.00000, 0.00000, 0.00000);
	CreateObject(1364, 517.27844, -1958.31848, 12.59040,   0.00000, 0.00000, 90.00000);
	CreateObject(1364, 517.32556, -1965.76416, 12.59040,   0.00000, 0.00000, 90.00000);
	CreateObject(1536, 501.40140, -1932.03223, 8.07671,   0.00000, 0.00000, 0.00000);
	CreateObject(1536, 504.41690, -1931.99866, 8.07470,   0.00000, 0.00000, 180.00000);
	CreateObject(19129, 489.10858, -1942.05676, 8.12569,   0.00000, 0.00000, 0.00000);
	CreateObject(14391, 484.40491, -1938.74707, 9.11680,   0.00000, 0.00000, 90.00000);
	CreateObject(18102, 480.57230, -1938.50403, 12.74030,   0.00000, 4.00000, 240.00000);
	CreateObject(19446, 486.03210, -1936.18872, 11.36490,   0.00000, 0.00000, 90.00000);
	CreateObject(19377, 484.81360, -1935.22693, 13.03490,   0.00000, 90.00000, 0.00000);
	CreateObject(19377, 490.07770, -1935.22913, 7.87700,   0.00000, 0.00000, 0.00000);
	CreateObject(19446, 486.03210, -1936.18872, 7.19190,   0.00000, 0.00000, 90.00000);
	CreateObject(3851, 486.90500, -1936.18933, 8.71130,   0.00000, 0.00000, 90.00000);
	CreateObject(19421, 483.63971, -1937.61951, 9.02940,   11.00000, 0.00000, 180.00000);
	CreateObject(19454, 488.64185, -1924.90027, 8.29890,   90.00000, 0.00000, 0.00000);
	CreateObject(1825, 486.68451, -1926.75549, 8.07662,   0.00000, 0.00000, 0.00000);
	CreateObject(1825, 483.65259, -1928.94348, 8.07662,   0.00000, 0.00000, 0.00000);
	CreateObject(1670, 486.62140, -1926.79028, 8.98460,   0.00000, 0.00000, 0.00000);
	CreateObject(1670, 483.53333, -1928.96533, 8.98460,   0.00000, 0.00000, 0.00000);
	CreateObject(18654, 487.47217, -1932.50696, 7.78744,   0.00000, 0.00000, 46.49469);
	CreateObject(18653, 480.13675, -1932.57324, 7.78740,   0.00000, 0.00000, 142.21675);
	CreateObject(14387, 491.40158, -1934.08777, 12.04811,   0.00000, 0.00000, 0.00000);
	CreateObject(983, 486.88278, -1930.52625, 13.74400,   0.00000, 0.00000, 90.00000);
	CreateObject(983, 483.68201, -1930.50891, 13.74400,   0.00000, 0.00000, 90.00000);
	CreateObject(1726, 520.48560, -1948.40356, 15.72514,   0.00000, 0.00000, 0.00000);
	CreateObject(1726, 523.44244, -1949.31104, 15.72510,   0.00000, 0.00000, -90.00000);
	CreateObject(1819, 520.98932, -1950.91565, 15.72733,   0.00000, 0.00000, 0.00000);
	CreateObject(2222, 521.50970, -1950.43311, 16.30310,   0.00000, 0.00000, 12.00000);
	CreateObject(19450, 520.03522, -1947.69470, 17.26150,   0.00000, 0.00000, 90.00000);
	CreateObject(19404, 515.30859, -1951.01978, 17.26150,   0.00000, 0.00000, 0.00000);
	CreateObject(19452, 520.03888, -1949.38196, 18.97180,   0.00000, 90.00000, 90.00000);
	CreateObject(19452, 520.04065, -1950.88611, 18.96980,   0.00000, 90.00000, 90.00000);
	CreateObject(3440, 524.49152, -1952.32935, 16.63240,   0.00000, 0.00000, 0.00000);
	CreateObject(3440, 524.48962, -1952.32874, 12.11614,   0.00000, 0.00000, 0.00000);
	CreateObject(1649, 517.60730, -1952.48096, 17.31100,   0.00000, 0.00000, 0.00000);
	CreateObject(1649, 522.00262, -1952.48096, 17.31100,   0.00000, 0.00000, 0.00000);
	CreateObject(1649, 524.61145, -1949.92798, 17.31100,   0.00000, 0.00000, 90.00000);
	CreateObject(2010, 515.91443, -1951.81128, 15.75708,   0.00000, 0.00000, 0.00000);
	CreateObject(2010, 523.87378, -1948.21069, 15.75708,   0.00000, 0.00000, 0.00000);
	CreateObject(1637, 519.46362, -1980.64893, 12.87119,   0.00000, 0.00000, 0.00000);
	CreateObject(1364, 517.27399, -1973.00647, 12.59040,   0.00000, 0.00000, 90.00000);
	CreateObject(9915, 553.35266, -1914.10376, -6.00165,   0.00000, 0.00000, 90.00000);
	CreateObject(1825, 481.86539, -1932.15405, 13.12333,   0.00000, 0.00000, 0.00000);
	CreateObject(1825, 485.55969, -1932.14111, 13.12333,   0.00000, 0.00000, 0.00000);
	CreateObject(16151, 483.81314, -1937.96252, 13.43545,   0.00000, 0.00000, -90.00000);
	CreateObject(2773, 540.25439, -1956.18274, 12.31610,   0.00000, 0.00000, 90.00000);
	CreateObject(2773, 533.56445, -1956.18274, 12.31610,   0.00000, 0.00000, 90.00000);
	CreateObject(2773, 537.01068, -1956.18274, 12.31610,   0.00000, 0.00000, 90.00000);
	CreateObject(19371, 524.33319, -1938.33496, 13.02989,   0.00000, 0.00000, 0.00000);
	CreateObject(19357, 484.94821, -1925.90125, 5.58593,   0.00000, 0.00000, 90.00000);
	CreateObject(1231, 525.59863, -1911.53455, 10.73555,   0.00000, 0.00000, 0.00000);
	CreateObject(1231, 486.76672, -1912.05396, 10.73555,   0.00000, 0.00000, 0.00000);
	CreateObject(1231, 516.22705, -1980.56970, 13.15077,   0.00000, 0.00000, 0.00000);
	CreateObject(19121, 531.70984, -1956.07422, 15.22668,   0.00000, 0.00000, 0.00000);
	CreateObject(19121, 488.46439, -1935.67761, 13.61676,   0.00000, 0.00000, 0.00000);
	CreateObject(19121, 499.02246, -1939.51013, 12.30281,   0.00000, 0.00000, 0.00000);
	CreateObject(19121, 514.83057, -1889.93884, 3.37724,   0.00000, 0.00000, 0.00000);
	CreateObject(19121, 488.85526, -1889.88794, 3.37724,   0.00000, 0.00000, 0.00000);
	CreateObject(19121, 525.65039, -1894.89246, 2.60380,   0.00000, 0.00000, 0.00000);
	CreateObject(19121, 530.75421, -1894.86377, 2.60380,   0.00000, 0.00000, 0.00000);
	CreateObject(1290, 565.70178, -1906.17273, 12.43662,   0.00000, 0.00000, 268.25146);
	CreateObject(3877, 492.12851, -1922.72156, 17.40212,   0.00000, 0.00000, 0.00000);
	CreateObject(3877, 478.80872, -1935.92822, 17.40212,   0.00000, 0.00000, 0.00000);
	CreateObject(3877, 505.50308, -1936.06396, 17.40212,   0.00000, 0.00000, 0.00000);
	CreateObject(8656, 506.69370, -1873.92688, 3.25590,   0.00000, 0.00000, 90.00000);
	CreateObject(8656, 488.29132, -1873.92883, 3.25390,   0.00000, 0.00000, 90.00000);
	CreateObject(8656, 548.33539, -1873.92883, 3.25590,   0.00000, 0.00000, 90.00000);
	CreateObject(8656, 568.21338, -1873.93079, 3.25790,   0.00000, 0.00000, 90.00000);
	CreateObject(8656, 582.97321, -1888.69678, 3.25590,   0.00000, 0.00000, 0.00000);
	CreateObject(8656, 582.97119, -1914.71436, 3.25790,   0.00000, 0.00000, 0.00000);
	CreateObject(8656, 582.97681, -1914.71643, 1.67790,   0.00000, 0.00000, 0.00000);
	CreateObject(8656, 582.97321, -1914.71460, -0.58230,   0.00000, 0.00000, 0.00000);
	CreateObject(8656, 473.51761, -1888.69507, 3.25190,   0.00000, 0.00000, 0.00000);
	CreateObject(8656, 473.51761, -1919.22961, 3.25190,   0.00000, 0.00000, 0.00000);
	CreateObject(8656, 473.51761, -1888.69312, 0.99550,   0.00000, 0.00000, 0.00000);
	CreateObject(8656, 473.51761, -1919.22961, 0.99550,   0.00000, 0.00000, 0.00000);
	CreateObject(8656, 473.51761, -1919.22961, -1.24258,   0.00000, 0.00000, 0.00000);
	CreateObject(8656, 473.51761, -1888.69312, -1.24260,   0.00000, 0.00000, 0.00000);
	CreateObject(3499, 521.87012, -1873.92688, 2.88770,   0.00000, 0.00000, 0.00000);
	CreateObject(19313, 480.40149, -1873.70337, 4.72420,   0.00000, 0.00000, 0.00000);
	CreateObject(19313, 494.46561, -1873.70337, 4.72420,   0.00000, 0.00000, 0.00000);
	CreateObject(19313, 514.44769, -1873.70337, 4.72420,   0.00000, 0.00000, 0.00000);
	CreateObject(19313, 508.44690, -1873.70532, 4.72420,   0.00000, 0.00000, 0.00000);
	CreateObject(3499, 532.69019, -1873.94885, 2.88770,   0.00000, 0.00000, 0.00000);
	CreateObject(19313, 540.22961, -1873.70337, 4.72420,   0.00000, 0.00000, 0.00000);
	CreateObject(19313, 554.20941, -1873.70337, 4.72420,   0.00000, 0.00000, 0.00000);
	CreateObject(19313, 568.16913, -1873.70337, 4.72415,   0.00000, 0.00000, 0.00000);
	CreateObject(19313, 575.96948, -1873.70532, 4.72420,   0.00000, 0.00000, 0.00000);
	CreateObject(19313, 583.07062, -1880.66052, 4.72420,   0.00000, 0.00000, 90.00000);
	CreateObject(19313, 583.07062, -1894.67041, 4.72420,   0.00000, 0.00000, 90.00000);
	CreateObject(19313, 583.07062, -1908.69763, 4.72420,   0.00000, 0.00000, 90.00000);
	CreateObject(19313, 583.07568, -1922.63733, 4.72420,   0.00000, 0.00000, 90.00000);
	CreateObject(19313, 473.41422, -1880.68030, 4.72420,   0.00000, 0.00000, 90.00000);
	CreateObject(19313, 473.41422, -1894.64612, 4.72420,   0.00000, 0.00000, 90.00000);
	CreateObject(19313, 473.41422, -1908.60229, 4.72420,   0.00000, 0.00000, 90.00000);
	CreateObject(19313, 473.41422, -1922.61548, 4.72420,   0.00000, 0.00000, 90.00000);
	CreateObject(3520, 489.85516, -1895.99597, 2.98840,   0.00000, 0.00000, 180.00000);
	CreateObject(3520, 491.11786, -1896.03406, 2.98840,   0.00000, 0.00000, 180.00000);
	CreateObject(3520, 491.60834, -1900.27563, 2.98840,   0.00000, 0.00000, 0.00000);
	CreateObject(3520, 490.16614, -1900.20166, 2.98840,   0.00000, 0.00000, 0.00000);
	CreateObject(1568, 521.88568, -1873.92688, 5.26350,   0.00000, 0.00000, 0.00000);
	CreateObject(1568, 532.68140, -1873.94885, 5.26350,   0.00000, 0.00000, 0.00000);
	CreateObject(18981, 486.13980, -1903.38281, -0.00620,   0.00000, 90.00000, 90.00000);
	CreateObject(2909, 522.54852, -1873.92688, 4.06840,   90.00000, 0.00000, 90.00000);
	CreateObject(2909, 531.96222, -1873.94885, 4.06842,   90.00000, 0.00000, 90.00000);
	CreateObject(2909, 527.31104, -1873.92883, 6.94580,   0.00000, 0.00000, 90.00000);
	CreateObject(3279, 493.61206, -1953.82690, 9.23882,   0.00000, 0.00000, -90.00000);
	CreateObject(18981, 473.42813, -1943.61377, -0.69600,   0.00000, 0.00000, 0.00000);
	CreateObject(19313, 473.41241, -1936.61584, 3.74940,   0.00000, 0.00000, 90.00000);
	CreateObject(19129, 483.15921, -1946.10254, 11.73360,   0.00000, 180.00000, 0.00000);
	CreateObject(19454, 475.51682, -1936.06055, 6.98540,   90.00000, 0.00000, 90.00000);
	CreateObject(19454, 475.51682, -1936.06055, -2.61630,   90.00000, 0.00000, 90.00000);
	CreateObject(19454, 476.51505, -1936.05859, -2.61633,   90.00000, 0.00000, 90.00000);
	CreateObject(19454, 476.51501, -1936.05859, 6.98340,   90.00000, 0.00000, 90.00000);
	CreateObject(1360, 476.02042, -1922.51868, 4.64790,   0.00000, 0.00000, 0.00000);
	CreateObject(1360, 476.02039, -1924.86072, 4.64790,   0.00000, 0.00000, 0.00000);
	CreateObject(1360, 476.45590, -1927.25403, 4.64790,   0.00000, 0.00000, 16.00000);
	CreateObject(1360, 477.11566, -1929.60974, 4.64790,   0.00000, 0.00000, 16.00000);
	CreateObject(1360, 477.79266, -1932.04407, 4.64790,   0.00000, 0.00000, 16.00000);
	CreateObject(7916, 490.75574, -1960.40710, 4.11480,   0.00000, 0.00000, 0.00000);
	CreateObject(7916, 495.45245, -1961.54675, 4.11480,   0.00000, 0.00000, 344.26450);
	CreateObject(16114, 498.53186, -1953.68518, -15.16563,   0.00000, 0.00000, -75.00000);
	CreateObject(16114, 505.54312, -1953.03955, -15.16563,   0.00000, 0.00000, -75.00000);
	CreateObject(16114, 505.54312, -1953.03955, -15.16563,   0.00000, 0.00000, -75.00000);
	CreateObject(16114, 522.54584, -1953.69836, -15.16563,   0.00000, 0.00000, -75.00000);
	CreateObject(18981, 544.89233, -1942.46045, -0.69600,   0.00000, 0.00000, 0.00000);
	CreateObject(18981, 570.98645, -1929.50464, -0.69600,   0.00000, 0.00000, 90.00000);
	CreateObject(18981, 556.89740, -1929.50659, -0.69800,   0.00000, 0.00000, 90.00000);
	CreateObject(18981, 544.89032, -1944.03333, -0.69800,   0.00000, 0.00000, 0.00000);
	CreateObject(18980, 544.36371, -1955.79456, 0.88331,   0.00000, 0.00000, 0.00000);
	CreateObject(18981, 532.89191, -1956.55225, -0.69400,   0.00000, 0.00000, 90.00000);
	CreateObject(1360, 542.65424, -1955.69604, 12.56110,   0.00000, 0.00000, 90.00000);
	CreateObject(16114, 560.55103, -1929.19629, -15.76912,   0.00000, 0.00000, 311.25293);
	CreateObject(16114, 581.26947, -1927.88147, -18.59349,   0.00000, 0.00000, 283.31577);
	CreateObject(16114, 582.35614, -1914.49475, -19.61474,   0.00000, 0.00000, 283.31577);
	CreateObject(7916, 551.73877, -1945.45068, 3.05133,   0.00000, 0.00000, 12.67037);
	CreateObject(16114, 563.16058, -1921.39294, -18.22700,   0.00000, 0.00000, 311.25293);